CFrames = {
    CFrame.new(0, 3, 0, 1, 0, 0, 0, 0, -1, 0, 1, 0),
    CFrame.new(0, 3, 0, -1, 0, -0, 0, 0, -1, 0, -1, -0),
    CFrame.new(0, 3, 0, -1, 0, -0, 0, 0, -1, 0, -1, -0),
    CFrame.new(0, 0, 0, 1, 0, 0, 0, 1, 0, 0, 0, 1),
    CFrame.new(0, 0, 0, -1, 0, 0, 0, 1, 0, 0, 0, -1),
    CFrame.new(0, 0, 0, -1, 0, 0, 0, 1, 0, 0, 0, -1),
    CFrame.new(0, 0, 0, 1, 0, 0, 0, 0, -1, 0, 1, 0),
    CFrame.new(0, 0, 0, -1, 0, -0, 0, 0, -1, 0, -1, -0),
    CFrame.new(0, 0, 0, -1, 0, -0, 0, 0, -1, 0, -1, -0),
    CFrame.new(0, 3, -0.20000000298023224, 1, 0, 0, 0, 0, -1, 0, 1, 0),
    CFrame.new(2.4492937051703357e-17, 3, 0.20000000298023224, -1, 0, -0, 0, 0, -1, 0, -1, -0),
    CFrame.new(2.4492937051703357e-17, 3, 0.20000000298023224, -1, 0, -0, 0, 0, -1, 0, -1, -0),
    CFrame.new(0, 0, 0, 1, 0, 0, 0, 1, 0, 0, 0, 1),
    CFrame.new(0, 0, 0, -1, 0, 0, 0, 1, 0, 0, 0, -1),
    CFrame.new(0, 0, 0, -1, 0, 0, 0, 1, 0, 0, 0, -1),
    CFrame.new(1.600000023841858, 3.8499999046325684, 0.699999988079071, 1, 0, 0, 0, 1, 0, 0, 0, 1),
    CFrame.new(1.600000023841858, 0.19999980926513672, -4.76837158203125e-07, 1, 0, 0, 0, 1, 0, 0, 0, 1),
    CFrame.new(1.600000023841858, 0.19999980926513672, -4.76837158203125e-07, 1, 0, 0, 0, 1, 0, 0, 0, 1),
    CFrame.new(1.600000023841858, 3.450000047683716, 0.699999988079071, 1, 0, 0, 0, 1, 0, 0, 0, 1),
    CFrame.new(1.600000023841858, -0.20000004768371582, -4.76837158203125e-07, 1, 0, 0, 0, 1, 0, 0, 0, 1),
    CFrame.new(1.600000023841858, -0.20000004768371582, -4.76837158203125e-07, 1, 0, 0, 0, 1, 0, 0, 0, 1),
    CFrame.new(-1.600000023841858, 3.8499999046325684, 0.699999988079071, 1, 0, 0, 0, 1, 0, 0, 0, 1),
    CFrame.new(-1.600000023841858, 0.19999980926513672, -4.76837158203125e-07, 1, 0, 0, 0, 1, 0, 0, 0, 1),
    CFrame.new(-1.600000023841858, 0.19999980926513672, -4.76837158203125e-07, 1, 0, 0, 0, 1, 0, 0, 0, 1),
    CFrame.new(-1.600000023841858, 3.450000047683716, 0.699999988079071, 1, 0, 0, 0, 1, 0, 0, 0, 1),
    CFrame.new(-1.600000023841858, -0.20000004768371582, -4.76837158203125e-07, 1, 0, 0, 0, 1, 0, 0, 0, 1),
    CFrame.new(-1.600000023841858, -0.20000004768371582, -4.76837158203125e-07, 1, 0, 0, 0, 1, 0, 0, 0, 1),
    CFrame.new(1.600000023841858, 2.549999713897705, 0.699999988079071, 1, 0, 0, 0, 1, 0, 0, 0, 1),
    CFrame.new(1.600000023841858, 0.19999980926513672, -4.76837158203125e-07, 1, 0, 0, 0, 1, 0, 0, 0, 1),
    CFrame.new(1.600000023841858, 0.19999980926513672, -4.76837158203125e-07, 1, 0, 0, 0, 1, 0, 0, 0, 1),
    CFrame.new(1.600000023841858, 2.1500000953674316, 0.699999988079071, 1, 0, 0, 0, 1, 0, 0, 0, 1),
    CFrame.new(1.600000023841858, -0.19999980926513672, -4.76837158203125e-07, 1, 0, 0, 0, 1, 0, 0, 0, 1),
    CFrame.new(1.600000023841858, -0.19999980926513672, -4.76837158203125e-07, 1, 0, 0, 0, 1, 0, 0, 0, 1),
    CFrame.new(-1.600000023841858, 2.5500001907348633, 0.699999988079071, 1, 0, 0, 0, 1, 0, 0, 0, 1),
    CFrame.new(-1.600000023841858, 0.20000028610229492, -4.76837158203125e-07, 1, 0, 0, 0, 1, 0, 0, 0, 1),
    CFrame.new(-1.600000023841858, 0.20000028610229492, -4.76837158203125e-07, 1, 0, 0, 0, 1, 0, 0, 0, 1),
    CFrame.new(-1.600000023841858, 2.1500000953674316, 0.699999988079071, 1, 0, 0, 0, 1, 0, 0, 0, 1),
    CFrame.new(-1.600000023841858, -0.19999980926513672, -4.76837158203125e-07, 1, 0, 0, 0, 1, 0, 0, 0, 1),
    CFrame.new(-1.600000023841858, -0.19999980926513672, -4.76837158203125e-07, 1, 0, 0, 0, 1, 0, 0, 0, 1),
}
