FOV = {
    50,
    50.48780487804878,
    50.97560975609756,
    51.46341463414634,
    51.951219512195124,
    52.4390243902439,
    52.926829268292686,
    53.41463414634146,
    53.90243902439025,
    54.390243902439025,
    54.8780487804878,
    55.36585365853659,
    55.853658536585364,
    56.34146341463415,
    56.829268292682926,
    57.3170731707317,
    57.80487804878049,
    58.29268292682927,
    58.78048780487805,
    59.26829268292683,
    59.75609756097561,
    60.24390243902439,
    60.73170731707317,
    61.21951219512195,
    61.70731707317073,
    62.19512195121951,
    62.6829268292683,
    63.170731707317074,
    63.65853658536585,
    64.14634146341463,
    64.6341463414634,
    65.1219512195122,
    65.60975609756098,
    66.09756097560975,
    66.58536585365854,
    67.07317073170732,
    67.5609756097561,
    68.04878048780488,
    68.53658536585365,
    69.02439024390245,
    69.51219512195122,
    70,
    69.39393939393939,
    68.78787878787878,
    68.18181818181819,
    67.57575757575758,
    66.96969696969697,
    66.36363636363636,
    65.75757575757575,
    65.15151515151516,
    64.54545454545455,
    63.93939393939394,
    63.333333333333336,
    62.72727272727273,
    62.121212121212125,
    61.515151515151516,
    60.90909090909091,
    60.303030303030305,
    59.696969696969695,
    59.09090909090909,
    58.484848484848484,
    57.878787878787875,
    57.27272727272727,
    56.66666666666667,
    56.06060606060606,
    55.45454545454545,
    54.848484848484844,
    54.24242424242424,
    53.63636363636364,
    53.03030303030303,
    52.42424242424242,
    51.81818181818182,
    51.21212121212121,
    50.60606060606061,
    50,
    50,
    50,
    50,
    50,
    50,
    50,
    50,
    50,
    50,
    50,
    50,
    50,
    50,
    50,
    50,
    50,
    50,
    50,
    50,
    50,
    50,
    50,
    50,
    50,
    50,
    50,
    50,
    50,
    50,
    50,
    50,
    50,
    50,
    50,
    50,
    50,
    50,
    50,
    50,
    50,
    50,
    50,
    50,
    50,
    50,
    50,
    50,
    50,
    50,
    50,
    50,
    50,
    50,
    50,
    50,
    48.75,
    47.5,
    46.25,
    45,
    43.75,
    42.5,
    41.25,
    40,
    42.94117647058823,
    45.88235294117647,
    48.82352941176471,
    51.76470588235294,
    54.705882352941174,
    57.64705882352941,
    60.588235294117645,
    63.529411764705884,
    66.47058823529412,
    69.41176470588235,
    72.35294117647058,
    75.29411764705883,
    78.23529411764706,
    81.17647058823529,
    84.11764705882354,
    87.05882352941177,
    90,
    88.85714285714286,
    87.71428571428571,
    86.57142857142857,
    85.42857142857143,
    84.28571428571429,
    83.14285714285714,
    82,
    80.85714285714286,
    79.71428571428572,
    78.57142857142857,
    77.42857142857143,
    76.28571428571428,
    75.14285714285714,
    74,
    72.85714285714286,
    71.71428571428572,
    70.57142857142857,
    69.42857142857143,
    68.28571428571429,
    67.14285714285714,
    66,
    64.85714285714286,
    63.714285714285715,
    62.57142857142857,
    61.42857142857143,
    60.285714285714285,
    59.14285714285714,
    58,
    56.857142857142854,
    55.714285714285715,
    54.57142857142857,
    53.42857142857143,
    52.285714285714285,
    51.142857142857146,
    50,
    49.6,
    49.2,
    48.8,
    48.4,
    48,
    47.6,
    47.2,
    46.8,
    46.4,
    46,
    45.6,
    45.2,
    44.8,
    44.4,
    44,
    43.6,
    43.2,
    42.8,
    42.4,
    42,
    41.6,
    41.2,
    40.8,
    40.4,
    40,
    39.6,
    39.2,
    38.8,
    38.4,
    38,
    37.6,
    37.2,
    36.8,
    36.4,
    36,
    35.6,
    35.2,
    34.8,
    34.4,
    34,
    33.6,
    33.2,
    32.8,
    32.4,
    32,
    31.599999999999998,
    31.200000000000003,
    30.8,
    30.4,
    30,
    42.857142857142854,
    55.71428571428571,
    68.57142857142857,
    81.42857142857142,
    94.28571428571429,
    107.14285714285714,
    120,
    119.85714285714286,
    119.71428571428571,
    119.57142857142857,
    119.42857142857143,
    119.28571428571429,
    119.14285714285714,
    119,
    118.85714285714286,
    118.71428571428571,
    118.57142857142857,
    118.42857142857143,
    118.28571428571429,
    118.14285714285714,
    118,
    117.85714285714286,
    117.71428571428571,
    117.57142857142857,
    117.42857142857143,
    117.28571428571429,
    117.14285714285714,
    117,
    116.85714285714286,
    116.71428571428571,
    116.57142857142857,
    116.42857142857143,
    116.28571428571429,
    116.14285714285714,
    116,
    115.85714285714286,
    115.71428571428571,
    115.57142857142857,
    115.42857142857143,
    115.28571428571429,
    115.14285714285714,
    115,
    114.85714285714286,
    114.71428571428571,
    114.57142857142857,
    114.42857142857143,
    114.28571428571429,
    114.14285714285714,
    114,
    113.85714285714286,
    113.71428571428571,
    113.57142857142857,
    113.42857142857143,
    113.28571428571429,
    113.14285714285714,
    113,
    112.85714285714286,
    112.71428571428571,
    112.57142857142857,
    112.42857142857143,
    112.28571428571429,
    112.14285714285714,
    112,
    111.85714285714286,
    111.71428571428571,
    111.57142857142857,
    111.42857142857143,
    111.28571428571428,
    111.14285714285714,
    111,
    110.85714285714286,
    110.71428571428571,
    110.57142857142857,
    110.42857142857143,
    110.28571428571428,
    110.14285714285714,
    110,
    109.85714285714286,
    109.71428571428571,
    109.57142857142857,
    109.42857142857143,
    109.28571428571428,
    109.14285714285714,
    109,
    108.85714285714286,
    108.71428571428572,
    108.57142857142857,
    108.42857142857143,
    108.28571428571429,
    108.14285714285714,
    108,
    107.85714285714286,
    107.71428571428572,
    107.57142857142857,
    107.42857142857143,
    107.28571428571429,
    107.14285714285714,
    107,
    106.85714285714286,
    106.71428571428572,
    106.57142857142857,
    106.42857142857143,
    106.28571428571429,
    106.14285714285714,
    106,
    105.85714285714286,
    105.71428571428572,
    105.57142857142857,
    105.42857142857143,
    105.28571428571429,
    105.14285714285714,
    105,
    104.85714285714286,
    104.71428571428572,
    104.57142857142857,
    104.42857142857143,
    104.28571428571428,
    104.14285714285714,
    104,
    103.85714285714286,
    103.71428571428572,
    103.57142857142857,
    103.42857142857143,
    103.28571428571428,
    103.14285714285714,
    103,
    102.85714285714286,
    102.71428571428572,
    102.57142857142857,
    102.42857142857143,
    102.28571428571428,
    102.14285714285714,
    102,
    101.85714285714286,
    101.71428571428571,
    101.57142857142857,
    101.42857142857143,
    101.28571428571428,
    101.14285714285714,
    101,
    100.85714285714286,
    100.71428571428571,
    100.57142857142857,
    100.42857142857143,
    100.28571428571428,
    100.14285714285714,
    100,
    99.85714285714286,
    99.71428571428571,
    99.57142857142857,
    99.42857142857143,
    99.28571428571428,
    99.14285714285714,
    99,
    98.85714285714286,
    98.71428571428571,
    98.57142857142857,
    98.42857142857143,
    98.28571428571428,
    98.14285714285714,
    98,
    97.85714285714286,
    97.71428571428572,
    97.57142857142857,
    97.42857142857143,
    97.28571428571428,
    97.14285714285714,
    97,
    96.85714285714286,
    96.71428571428572,
    96.57142857142857,
    96.42857142857143,
    96.28571428571429,
    96.14285714285714,
    96,
    95.85714285714286,
    95.71428571428572,
    95.57142857142857,
    95.42857142857143,
    95.28571428571429,
    95.14285714285714,
    95,
    94.85714285714286,
    94.71428571428572,
    94.57142857142857,
    94.42857142857143,
    94.28571428571429,
    94.14285714285714,
    94,
    93.85714285714286,
    93.71428571428572,
    93.57142857142857,
    93.42857142857143,
    93.28571428571429,
    93.14285714285714,
    93,
    92.85714285714286,
    92.71428571428572,
    92.57142857142857,
    92.42857142857143,
    92.28571428571428,
    92.14285714285714,
    92,
    91.85714285714286,
    91.71428571428572,
    91.57142857142857,
    91.42857142857143,
    91.28571428571428,
    91.14285714285714,
    91,
    90.85714285714286,
    90.71428571428572,
    90.57142857142857,
    90.42857142857143,
    90.28571428571428,
    90.14285714285714,
    90,
    90.27777777777777,
    90.55555555555556,
    90.83333333333333,
    91.11111111111111,
    91.38888888888889,
    91.66666666666667,
    91.94444444444444,
    92.22222222222223,
    92.5,
    92.77777777777777,
    93.05555555555556,
    93.33333333333333,
    93.61111111111111,
    93.88888888888889,
    94.16666666666667,
    94.44444444444444,
    94.72222222222223,
    95,
    95.27777777777777,
    95.55555555555556,
    95.83333333333333,
    96.11111111111111,
    96.38888888888889,
    96.66666666666667,
    96.94444444444444,
    97.22222222222223,
    97.5,
    97.77777777777777,
    98.05555555555556,
    98.33333333333333,
    98.61111111111111,
    98.88888888888889,
    99.16666666666667,
    99.44444444444444,
    99.72222222222223,
    100,
    99.58333333333333,
    99.16666666666667,
    98.75,
    98.33333333333333,
    97.91666666666667,
    97.5,
    97.08333333333333,
    96.66666666666667,
    96.25,
    95.83333333333333,
    95.41666666666667,
    95,
    94.58333333333333,
    94.16666666666667,
    93.75,
    93.33333333333333,
    92.91666666666667,
    92.5,
    92.08333333333333,
    91.66666666666667,
    91.25,
    90.83333333333333,
    90.41666666666667,
    90,
    89.58333333333333,
    89.16666666666667,
    88.75,
    88.33333333333333,
    87.91666666666667,
    87.5,
    87.08333333333333,
    86.66666666666667,
    86.25,
    85.83333333333333,
    85.41666666666667,
    85,
    84.58333333333334,
    84.16666666666667,
    83.75,
    83.33333333333333,
    82.91666666666667,
    82.5,
    82.08333333333333,
    81.66666666666666,
    81.25,
    80.83333333333334,
    80.41666666666667,
    80,
    79.58333333333333,
    79.16666666666667,
    78.75,
    78.33333333333333,
    77.91666666666666,
    77.5,
    77.08333333333334,
    76.66666666666667,
    76.25,
    75.83333333333333,
    75.41666666666667,
    75,
    74.58333333333333,
    74.16666666666666,
    73.75,
    73.33333333333334,
    72.91666666666667,
    72.5,
    72.08333333333333,
    71.66666666666667,
    71.25,
    70.83333333333333,
    70.41666666666666,
    70,
    69.77011494252874,
    69.54022988505747,
    69.3103448275862,
    69.08045977011494,
    68.85057471264368,
    68.62068965517241,
    68.39080459770115,
    68.16091954022988,
    67.93103448275862,
    67.70114942528735,
    67.47126436781609,
    67.24137931034483,
    67.01149425287356,
    66.7816091954023,
    66.55172413793103,
    66.32183908045977,
    66.0919540229885,
    65.86206896551724,
    65.63218390804597,
    65.40229885057471,
    65.17241379310344,
    64.94252873563218,
    64.71264367816092,
    64.48275862068965,
    64.25287356321839,
    64.02298850574712,
    63.793103448275865,
    63.5632183908046,
    63.333333333333336,
    63.10344827586207,
    62.87356321839081,
    62.64367816091954,
    62.41379310344828,
    62.18390804597701,
    61.95402298850575,
    61.724137931034484,
    61.49425287356322,
    61.264367816091955,
    61.03448275862069,
    60.804597701149426,
    60.57471264367816,
    60.3448275862069,
    60.11494252873563,
    59.88505747126437,
    59.6551724137931,
    59.42528735632184,
    59.195402298850574,
    58.96551724137931,
    58.735632183908045,
    58.50574712643678,
    58.275862068965516,
    58.04597701149425,
    57.81609195402299,
    57.58620689655172,
    57.35632183908046,
    57.12643678160919,
    56.896551724137936,
    56.66666666666667,
    56.43678160919541,
    56.206896551724135,
    55.97701149425287,
    55.74712643678161,
    55.51724137931035,
    55.287356321839084,
    55.05747126436782,
    54.827586206896555,
    54.59770114942529,
    54.367816091954026,
    54.13793103448276,
    53.9080459770115,
    53.67816091954023,
    53.44827586206897,
    53.2183908045977,
    52.98850574712644,
    52.758620689655174,
    52.52873563218391,
    52.298850574712645,
    52.06896551724138,
    51.839080459770116,
    51.60919540229885,
    51.37931034482759,
    51.14942528735632,
    50.91954022988506,
    50.689655172413794,
    50.45977011494253,
    50.229885057471265,
    50,
    50.32258064516129,
    50.645161290322584,
    50.96774193548387,
    51.29032258064516,
    51.61290322580645,
    51.935483870967744,
    52.25806451612903,
    52.58064516129032,
    52.903225806451616,
    53.225806451612904,
    53.54838709677419,
    53.87096774193549,
    54.193548387096776,
    54.516129032258064,
    54.83870967741935,
    55.16129032258065,
    55.483870967741936,
    55.806451612903224,
    56.12903225806451,
    56.45161290322581,
    56.774193548387096,
    57.096774193548384,
    57.41935483870968,
    57.74193548387097,
    58.064516129032256,
    58.38709677419355,
    58.70967741935484,
    59.03225806451613,
    59.354838709677416,
    59.67741935483871,
    60,
    59.61538461538461,
    59.23076923076923,
    58.84615384615385,
    58.46153846153846,
    58.07692307692308,
    57.69230769230769,
    57.30769230769231,
    56.92307692307692,
    56.53846153846154,
    56.15384615384615,
    55.76923076923077,
    55.38461538461539,
    55,
    54.61538461538461,
    54.23076923076923,
    53.84615384615385,
    53.46153846153846,
    53.07692307692308,
    52.69230769230769,
    52.30769230769231,
    51.92307692307692,
    51.53846153846154,
    51.15384615384615,
    50.76923076923077,
    50.38461538461539,
    50,
    51.05263157894737,
    52.10526315789474,
    53.1578947368421,
    54.21052631578947,
    55.26315789473684,
    56.31578947368421,
    57.368421052631575,
    58.421052631578945,
    59.473684210526315,
    60.526315789473685,
    61.578947368421055,
    62.631578947368425,
    63.68421052631579,
    64.73684210526315,
    65.78947368421052,
    66.84210526315789,
    67.89473684210526,
    68.94736842105263,
    70,
    70.27777777777777,
    70.55555555555556,
    70.83333333333333,
    71.11111111111111,
    71.38888888888889,
    71.66666666666667,
    71.94444444444444,
    72.22222222222223,
    72.5,
    72.77777777777777,
    73.05555555555556,
    73.33333333333333,
    73.61111111111111,
    73.88888888888889,
    74.16666666666667,
    74.44444444444444,
    74.72222222222223,
    75,
    75.27777777777777,
    75.55555555555556,
    75.83333333333333,
    76.11111111111111,
    76.38888888888889,
    76.66666666666667,
    76.94444444444444,
    77.22222222222223,
    77.5,
    77.77777777777777,
    78.05555555555556,
    78.33333333333333,
    78.61111111111111,
    78.88888888888889,
    79.16666666666667,
    79.44444444444444,
    79.72222222222223,
    80,
    80.27777777777777,
    80.55555555555556,
    80.83333333333333,
    81.11111111111111,
    81.38888888888889,
    81.66666666666667,
    81.94444444444444,
    82.22222222222223,
    82.5,
    82.77777777777777,
    83.05555555555556,
    83.33333333333333,
    83.61111111111111,
    83.88888888888889,
    84.16666666666667,
    84.44444444444444,
    84.72222222222223,
    85,
    85.27777777777777,
    85.55555555555556,
    85.83333333333333,
    86.11111111111111,
    86.38888888888889,
    86.66666666666667,
    86.94444444444444,
    87.22222222222223,
    87.5,
    87.77777777777777,
    88.05555555555556,
    88.33333333333334,
    88.61111111111111,
    88.88888888888889,
    89.16666666666666,
    89.44444444444444,
    89.72222222222223,
    90,
    90.27777777777777,
    90.55555555555556,
    90.83333333333333,
    91.11111111111111,
    91.38888888888889,
    91.66666666666667,
    91.94444444444444,
    92.22222222222223,
    92.5,
    92.77777777777777,
    93.05555555555556,
    93.33333333333333,
    93.61111111111111,
    93.88888888888889,
    94.16666666666667,
    94.44444444444444,
    94.72222222222223,
    95,
    95.27777777777777,
    95.55555555555556,
    95.83333333333334,
    96.11111111111111,
    96.38888888888889,
    96.66666666666666,
    96.94444444444444,
    97.22222222222223,
    97.5,
    97.77777777777777,
    98.05555555555556,
    98.33333333333333,
    98.61111111111111,
    98.88888888888889,
    99.16666666666667,
    99.44444444444444,
    99.72222222222223,
    100,
    99.27536231884058,
    98.55072463768116,
    97.82608695652173,
    97.10144927536231,
    96.3768115942029,
    95.65217391304348,
    94.92753623188406,
    94.20289855072464,
    93.47826086956522,
    92.7536231884058,
    92.02898550724638,
    91.30434782608695,
    90.57971014492753,
    89.85507246376811,
    89.13043478260869,
    88.40579710144928,
    87.68115942028986,
    86.95652173913044,
    86.23188405797102,
    85.5072463768116,
    84.78260869565217,
    84.05797101449275,
    83.33333333333334,
    82.6086956521739,
    81.8840579710145,
    81.15942028985506,
    80.43478260869566,
    79.71014492753623,
    78.98550724637681,
    78.26086956521739,
    77.53623188405797,
    76.81159420289855,
    76.08695652173913,
    75.3623188405797,
    74.63768115942028,
    73.91304347826087,
    73.18840579710144,
    72.46376811594203,
    71.73913043478261,
    71.01449275362319,
    70.28985507246377,
    69.56521739130434,
    68.84057971014494,
    68.11594202898551,
    67.3913043478261,
    66.66666666666667,
    65.94202898550725,
    65.21739130434783,
    64.4927536231884,
    63.768115942028984,
    63.04347826086957,
    62.31884057971014,
    61.594202898550726,
    60.869565217391305,
    60.14492753623188,
    59.42028985507246,
    58.69565217391305,
    57.971014492753625,
    57.2463768115942,
    56.52173913043478,
    55.79710144927536,
    55.072463768115945,
    54.34782608695652,
    53.6231884057971,
    52.89855072463768,
    52.17391304347826,
    51.44927536231884,
    50.724637681159415,
    50,
    50.172413793103445,
    50.3448275862069,
    50.51724137931034,
    50.689655172413794,
    50.86206896551724,
    51.03448275862069,
    51.206896551724135,
    51.37931034482759,
    51.55172413793103,
    51.724137931034484,
    51.89655172413793,
    52.06896551724138,
    52.241379310344826,
    52.41379310344828,
    52.58620689655172,
    52.758620689655174,
    52.93103448275862,
    53.10344827586207,
    53.275862068965516,
    53.44827586206897,
    53.62068965517241,
    53.793103448275865,
    53.96551724137931,
    54.13793103448276,
    54.310344827586206,
    54.48275862068965,
    54.6551724137931,
    54.827586206896555,
    55,
    55.172413793103445,
    55.3448275862069,
    55.51724137931035,
    55.689655172413794,
    55.86206896551724,
    56.03448275862069,
    56.206896551724135,
    56.37931034482759,
    56.55172413793103,
    56.724137931034484,
    56.89655172413793,
    57.06896551724138,
    57.241379310344826,
    57.41379310344828,
    57.58620689655172,
    57.758620689655174,
    57.93103448275862,
    58.103448275862064,
    58.275862068965516,
    58.44827586206897,
    58.62068965517241,
    58.79310344827586,
    58.96551724137931,
    59.13793103448276,
    59.310344827586206,
    59.48275862068965,
    59.6551724137931,
    59.827586206896555,
    60,
    60.172413793103445,
    60.3448275862069,
    60.51724137931035,
    60.689655172413794,
    60.86206896551724,
    61.03448275862069,
    61.206896551724135,
    61.37931034482759,
    61.55172413793103,
    61.724137931034484,
    61.896551724137936,
    62.06896551724138,
    62.241379310344826,
    62.41379310344828,
    62.58620689655172,
    62.758620689655174,
    62.93103448275862,
    63.103448275862064,
    63.275862068965516,
    63.44827586206897,
    63.62068965517241,
    63.793103448275865,
    63.96551724137931,
    64.13793103448276,
    64.3103448275862,
    64.48275862068965,
    64.65517241379311,
    64.82758620689656,
    65,
    65.17241379310344,
    65.34482758620689,
    65.51724137931035,
    65.6896551724138,
    65.86206896551724,
    66.0344827586207,
    66.20689655172413,
    66.37931034482759,
    66.55172413793103,
    66.72413793103448,
    66.89655172413794,
    67.06896551724138,
    67.24137931034483,
    67.41379310344828,
    67.58620689655172,
    67.75862068965517,
    67.93103448275862,
    68.10344827586206,
    68.27586206896552,
    68.44827586206897,
    68.62068965517241,
    68.79310344827587,
    68.9655172413793,
    69.13793103448276,
    69.3103448275862,
    69.48275862068965,
    69.65517241379311,
    69.82758620689656,
    70,
    70,
    70,
    70,
    70,
    70,
    70,
}
